[gd_scene load_steps=10 format=2]

[ext_resource path="res://scenes/main_scene/player.gd" type="Script" id=1]
[ext_resource path="res://scenes/main_scene/main.gd" type="Script" id=2]
[ext_resource path="res://scenes/player_scene/Falling.tscn" type="PackedScene" id=3]
[ext_resource path="res://scenes/road_scene/road.tscn" type="PackedScene" id=4]

[sub_resource type="Environment" id=3]
fog_depth_begin = 543.3

[sub_resource type="CapsuleShape" id=2]

[sub_resource type="BoxShape" id=1]
extents = Vector3( 21.9866, 0.494966, 22.5087 )

[sub_resource type="PanoramaSky" id=4]

[sub_resource type="Environment" id=5]
background_mode = 1
background_sky = SubResource( 4 )
background_color = Color( 0.816406, 0.76068, 0.672174, 1 )
fog_enabled = true
fog_color = Color( 0.996078, 0.996078, 0.996078, 1 )
fog_depth_begin = 30.0

[node name="main" type="Spatial"]
transform = Transform( 1, 0, 0, 0, 1, 0, 0, 0, 1, -0.306261, 0, -0.37628 )
script = ExtResource( 2 )
road_scene = ExtResource( 4 )

[node name="KinematicBody" type="KinematicBody" parent="."]
transform = Transform( 1, 0, 0, 0, 1, 0, 0, 0, 1, 0.710682, -16.9555, 0.312031 )
script = ExtResource( 1 )

[node name="Falling" parent="KinematicBody" instance=ExtResource( 3 )]
transform = Transform( -5, 0, -4.37114e-07, 0, 5, 0, 4.37114e-07, 0, -5, 0, 0, 0 )

[node name="Camera" type="Camera" parent="KinematicBody"]
transform = Transform( 1, 0, 0, 0, 0.382958, 0.923766, 0, -0.923766, 0.382958, 0.0454998, 16.1209, 4.37371 )
environment = SubResource( 3 )
current = true
fov = 80.0
far = 740.7

[node name="CollisionShape" type="CollisionShape" parent="KinematicBody"]
transform = Transform( 1, 0, 0, 0, 1, 0, 0, 0, 1, 0, 2.24832, 0 )
shape = SubResource( 2 )

[node name="DirectionalLight" type="DirectionalLight" parent="."]
transform = Transform( 1, 0, 0, 0, 0.0802858, 0.996772, 0, -0.996772, 0.0802858, 0.756182, 9.67491, 12.198 )
light_energy = 2.468

[node name="InterpolatedCamera" type="InterpolatedCamera" parent="."]
transform = Transform( 1, 0, 0, 0, 0.382958, 0.923766, 0, -0.923766, 0.382958, 0.756182, 16.0849, 7.56843 )
current = true
fov = 117.636
target = NodePath("../KinematicBody/Camera")
enabled = true

[node name="despawn_area" type="Area" parent="."]

[node name="CollisionShape" type="CollisionShape" parent="despawn_area"]
transform = Transform( 1, 0, 0, 0, 1, 0, 0, 0, 1, 0, 0.530305, 0 )
shape = SubResource( 1 )

[node name="WorldEnvironment" type="WorldEnvironment" parent="."]
environment = SubResource( 5 )

[connection signal="area_entered" from="despawn_area" to="." method="_on_despawn_area_area_entered"]
